273.20 0.918 1436.10 1436.42 -0.022
273.20 10.007 1450.49 1450.57 -0.006
273.20 15.006 1457.95 1457.84 0.007
273.20 25.017 1472.06 1471.51 0.037
273.20 34.999 1485.18 1484.10 0.073
278.20 4.996 1429.80 1430.11 -0.021
278.20 9.989 1437.95 1438.10 -0.010
278.20 19.981 1453.21 1452.97 0.017
278.20 29.976 1467.31 1466.60 0.048
278.20 35.002 1474.04 1473.07 0.066
283.20 0.916 1409.53 1409.94 -0.029
283.20 4.988 1416.77 1417.13 -0.025
283.21 14.994 1433.46 1433.50 -0.003
283.21 24.982 1448.68 1448.32 0.025
283.21 30.003 1455.89 1455.30 0.041
288.21 5.010 1403.60 1404.01 -0.029
288.21 9.974 1412.48 1412.77 -0.020
288.21 14.980 1421.01 1421.13 -0.008
288.21 24.992 1436.90 1436.64 0.018
288.21 30.006 1444.37 1443.89 0.033
288.21 34.991 1451.52 1450.81 0.050
293.22 0.920 1382.17 1382.63 -0.034
293.22 5.001 1390.20 1390.65 -0.032
293.22 9.987 1399.57 1399.90 -0.024
293.22 20.007 1416.97 1416.99 -0.001
293.22 29.976 1432.74 1432.36 0.026
293.22 34.978 1440.18 1439.57 0.042
298.23 9.997 1386.51 1386.86 -0.026
298.23 15.012 1395.84 1396.08 -0.017
298.23 20.014 1404.68 1404.76 -0.006
298.23 29.989 1421.10 1420.81 0.020
298.23 35.009 1428.81 1428.33 0.034
303.23 0.988 1354.03 1354.50 -0.035
303.24 15.005 1383.02 1383.30 -0.020
303.24 20.002 1392.24 1392.39 -0.010
303.24 25.016 1401.03 1401.01 0.002
303.24 35.009 1417.39 1416.97 0.030
308.24 1.068 1339.69 1340.14 -0.034
308.24 10.004 1359.79 1360.21 -0.031
308.24 15.007 1370.05 1370.37 -0.024
308.24 25.009 1388.86 1388.91 -0.003
308.24 29.992 1397.53 1397.40 0.009
313.21 1.160 1325.21 1325.63 -0.032
313.21 14.980 1356.97 1357.31 -0.025
313.21 20.003 1367.12 1367.37 -0.018
313.21 25.002 1376.66 1376.77 -0.008
313.21 34.980 1394.31 1394.07 0.018
318.22 1.234 1310.30 1310.63 -0.025
318.22 4.987 1320.15 1320.53 -0.029
318.22 10.000 1332.39 1332.77 -0.029
318.22 19.992 1354.30 1354.55 -0.018
318.22 24.996 1364.28 1364.41 -0.010
318.22 29.975 1373.67 1373.66 0.001
318.22 35.009 1382.69 1382.51 0.013
323.22 1.328 1295.08 1295.36 -0.021
323.23 5.007 1305.37 1305.71 -0.027
323.23 10.021 1318.34 1318.71 -0.028
323.23 20.003 1341.37 1341.64 -0.020
323.23 24.994 1351.78 1351.95 -0.013
323.23 29.994 1361.61 1361.65 -0.003
328.23 1.494 1279.72 1279.92 -0.015
328.23 5.018 1290.22 1290.53 -0.023
328.23 15.002 1316.56 1316.90 -0.026
328.23 19.997 1328.24 1328.52 -0.021
328.23 25.002 1339.16 1339.36 -0.015
328.23 29.981 1349.38 1349.46 -0.006
328.23 34.981 1359.08 1359.01 0.005
333.24 1.623 1263.86 1263.98 -0.009
333.24 4.978 1274.58 1274.81 -0.018
333.24 10.007 1289.32 1289.62 -0.024
333.24 20.002 1314.96 1315.24 -0.021
333.24 24.994 1326.38 1326.59 -0.016
333.24 34.998 1347.19 1347.17 0.002
338.24 1.787 1247.67 1247.70 -0.003
338.25 9.975 1274.28 1274.54 -0.020
338.25 19.983 1301.44 1301.71 -0.021
338.25 24.975 1313.42 1313.64 -0.016
338.25 29.988 1324.65 1324.78 -0.010
338.25 34.984 1335.15 1335.17 -0.001
343.25 1.956 1231.03 1230.98 0.004
343.25 4.996 1242.30 1242.38 -0.006
343.25 9.993 1259.06 1259.27 -0.016
343.25 14.985 1274.08 1274.33 -0.020
343.25 24.994 1300.40 1300.62 -0.017
343.25 30.001 1312.13 1312.27 -0.011
348.25 5.003 1225.42 1225.42 0.000
348.26 9.994 1243.42 1243.56 -0.012
348.26 14.994 1259.44 1259.65 -0.017
348.26 20.002 1273.94 1274.16 -0.018
348.26 30.001 1299.41 1299.59 -0.014
348.26 35.021 1310.92 1310.98 -0.005
353.26 2.325 1196.26 1196.01 0.021
353.26 4.976 1207.84 1207.75 0.008
353.26 9.991 1227.36 1227.44 -0.006
353.26 20.012 1259.84 1260.05 -0.017
353.26 24.996 1273.75 1273.95 -0.016
353.26 34.991 1298.53 1298.61 -0.006
358.26 2.557 1178.16 1177.81 0.029
358.26 4.995 1189.80 1189.61 0.016
358.27 14.984 1229.15 1229.26 -0.009
358.27 20.003 1245.47 1245.64 -0.014
358.27 24.995 1260.15 1260.33 -0.014
358.27 34.995 1286.10 1286.19 -0.007
363.27 2.797 1159.37 1158.94 0.036
363.27 4.983 1170.86 1170.58 0.024
363.27 20.001 1230.84 1230.98 -0.012
363.27 24.995 1246.35 1246.51 -0.013
363.27 34.988 1273.53 1273.63 -0.008
368.27 3.059 1139.90 1139.41 0.043
368.28 9.984 1176.29 1176.15 0.012
368.28 14.994 1197.50 1197.51 0.000
368.28 20.011 1215.95 1216.08 -0.011
368.27 30.001 1247.23 1247.38 -0.012
368.27 34.988 1260.84 1260.95 -0.008
373.28 4.977 1130.31 1129.87 0.040
373.28 9.986 1158.14 1157.92 0.019
373.28 14.988 1181.03 1180.98 0.004
373.28 20.003 1200.78 1200.82 -0.004
373.28 30.011 1233.79 1233.93 -0.012
373.28 34.986 1248.03 1248.13 -0.008
378.28 4.994 1108.43 1107.95 0.044
378.28 9.994 1139.30 1139.02 0.024
378.28 14.988 1164.08 1164.01 0.006
378.28 24.996 1203.65 1203.73 -0.006
378.28 30.002 1220.15 1220.26 -0.009
378.28 34.992 1235.09 1235.19 -0.008
383.28 3.963 1076.31 1075.78 0.049
383.29 5.021 1085.16 1084.67 0.044
383.29 20.000 1169.38 1169.34 0.004
383.29 24.991 1188.93 1188.97 -0.004
383.29 29.999 1206.33 1206.42 -0.007
383.29 34.997 1222.03 1222.11 -0.006
388.29 4.317 1053.01 1052.56 0.043
388.29 5.012 1059.75 1059.31 0.041
388.29 9.986 1098.96 1098.59 0.034
388.29 14.972 1128.65 1128.43 0.020
388.29 20.014 1153.19 1153.12 0.006
388.29 35.005 1208.82 1208.89 -0.005
393.29 4.694 1028.35 1028.04 0.031
393.30 14.989 1110.16 1109.88 0.025
393.30 20.000 1136.51 1136.38 0.012
393.30 29.999 1178.12 1178.15 -0.003
393.30 34.987 1195.38 1195.44 -0.005
398.30 5.102 1002.13 1002.04 0.009
398.30 15.001 1090.94 1090.64 0.028
398.30 20.006 1119.49 1119.31 0.016
398.30 24.982 1143.12 1143.04 0.007
398.30 30.003 1163.74 1163.73 0.000
403.30 9.996 1029.90 1029.58 0.031
403.30 14.994 1070.86 1070.53 0.031
403.31 19.997 1101.92 1101.70 0.020
403.31 30.000 1149.09 1149.05 0.003
403.30 35.000 1168.20 1168.22 -0.002
408.30 5.986 942.80 943.87 -0.113
408.31 9.978 1003.40 1003.10 0.029
408.31 14.988 1049.92 1049.58 0.033
408.31 24.993 1111.16 1111.00 0.015
408.30 30.001 1134.27 1134.19 0.007
408.31 34.980 1154.31 1154.28 0.002
413.30 6.470 908.95 910.68 -0.190
413.31 9.984 974.77 974.56 0.022
413.31 15.000 1028.14 1027.80 0.033
413.31 29.995 1119.16 1119.05 0.010
413.31 35.007 1140.38 1140.35 0.003
418.31 6.984 871.07 873.49 -0.278
418.31 9.978 942.38 942.78 -0.043
418.31 14.990 1005.02 1004.70 0.032
418.31 24.993 1077.76 1077.53 0.021
418.31 29.999 1103.84 1103.70 0.012
423.31 7.529 827.82 830.88 -0.369
423.32 9.979 906.16 906.83 -0.073
423.31 20.001 1026.38 1026.08 0.030
423.31 24.990 1060.37 1060.22 0.014
423.32 35.000 1111.77 1111.73 0.003
428.31 8.105 777.86 780.63 -0.356
428.32 20.001 1005.84 1005.58 0.027
428.32 24.989 1042.69 1042.52 0.016
428.31 29.995 1072.37 1072.22 0.014
428.32 34.991 1097.23 1097.14 0.008
433.32 10.026 812.75 813.68 -0.115
433.32 20.001 984.57 984.34 0.024
433.32 24.980 1024.60 1024.36 0.024
433.32 29.993 1056.21 1056.09 0.012
438.32 10.028 741.90 741.47 0.058
438.32 14.975 897.08 897.38 -0.034
438.32 24.985 1006.08 1005.85 0.022
438.32 29.995 1039.85 1039.71 0.014
443.32 10.028 630.20 624.88 0.845
443.33 14.978 865.00 865.39 -0.045
443.33 19.976 939.30 939.09 0.022
443.32 29.995 1023.23 1023.06 0.017
443.32 34.989 1052.53 1052.44 0.008
448.32 10.028 481.30 480.79 0.107
448.33 19.988 915.71 915.35 0.039
448.33 30.004 1006.35 1006.19 0.016
448.33 35.010 1037.43 1037.31 0.011
453.32 10.027 392.46 392.49 -0.010
453.33 19.994 890.26 890.58 -0.036
453.33 24.984 947.66 947.50 0.016
453.33 35.007 1021.98 1021.88 0.009
458.33 9.992 342.12 341.13 0.291
458.33 14.985 750.53 750.44 0.013
458.33 19.986 864.41 864.58 -0.020
458.34 24.998 927.40 927.24 0.017
458.34 29.982 971.55 971.37 0.019
458.33 34.979 1006.32 1006.12 0.020
463.34 9.978 311.24 309.90 0.429
463.34 14.980 705.24 704.69 0.078
463.34 19.993 837.39 837.76 -0.044
463.34 24.999 906.51 906.39 0.013
463.34 29.995 953.82 953.76 0.007
463.34 35.001 990.60 990.53 0.006
468.34 15.025 659.85 659.08 0.116
468.34 20.008 809.74 810.12 -0.047
468.34 24.979 885.23 884.86 0.042
468.34 30.018 936.11 936.01 0.010
468.34 34.971 974.56 974.45 0.011
473.34 10.028 275.53 274.01 0.549
473.34 14.993 610.56 609.37 0.194
473.34 19.979 780.32 780.64 -0.042
473.34 24.999 862.90 863.36 -0.054
473.34 30.001 917.70 917.67 0.004
478.34 15.027 566.66 565.49 0.205
478.34 20.027 751.69 752.11 -0.056
478.34 30.017 899.35 899.44 -0.010
478.34 34.987 942.38 942.41 -0.003
483.34 10.025 249.89 248.32 0.629
483.35 19.981 720.51 720.87 -0.051
483.35 25.006 818.37 818.88 -0.063
483.35 30.005 880.64 880.75 -0.012
488.35 10.027 239.91 238.45 0.608
488.35 14.987 486.75 485.32 0.294
488.35 19.980 690.34 690.56 -0.031
488.35 24.972 795.12 795.65 -0.066
493.35 10.026 231.14 229.73 0.610
493.35 14.978 455.45 453.78 0.367
493.35 24.977 772.34 772.86 -0.067
493.35 29.998 842.48 843.09 -0.073
493.35 35.002 893.41 893.60 -0.021
498.35 10.025 223.42 222.02 0.625
498.35 14.980 429.14 427.38 0.410
498.35 29.986 823.38 824.05 -0.082
498.35 34.984 876.79 877.00 -0.024
503.35 10.023 216.43 215.08 0.624
503.35 14.973 406.29 404.43 0.457
503.35 19.987 604.03 603.61 0.069
503.35 29.983 804.46 805.10 -0.079
503.35 34.985 860.33 860.58 -0.029
508.35 10.027 210.26 208.99 0.604
508.35 14.971 386.73 384.89 0.475
508.35 19.987 577.67 577.04 0.108
508.35 24.992 704.46 704.91 -0.065
508.35 34.999 844.02 844.29 -0.032
513.35 10.026 204.51 203.30 0.594
513.35 19.980 552.79 551.94 0.153
513.35 24.993 682.43 682.80 -0.054
513.35 29.995 766.97 767.62 -0.085
513.35 34.998 827.69 827.91 -0.026
518.35 10.026 199.29 198.10 0.597
518.35 14.983 355.29 353.48 0.508
518.35 29.995 748.42 749.03 -0.082
518.35 34.996 811.57 811.60 -0.004
523.35 10.022 194.36 193.21 0.592
523.35 14.972 341.69 339.90 0.524
523.35 24.989 640.05 640.16 -0.018
523.35 29.983 729.91 730.53 -0.085
523.35 34.996 794.40 795.44 -0.130